symbol trade_date      open      high       low     close  prev_close  day_return_pct  return_5d_pct  return_20d_pct        ma20  vs_ma20_pct       volume       amount  volume_ratio_5d  high_20d   low_20d group
   半导体 2026-08-19 17180.089 17374.552 16288.994 16410.300   17729.854       -7.442554      -2.813587        0.692569 15934.49140     2.986029 4716190100.0 4.019382e+11         1.201093 17906.871 13795.965    电子
    元件 2026-08-19 24279.583 24709.485 23089.912 23214.940   25147.510       -7.684936      -3.780489       11.856249 22034.35395     5.357934 2217356500.0 1.282785e+11         1.003826 25553.645 18502.566    电子
 光学光电子 2026-08-19  5460.806  5468.998  5228.747  5253.116    5556.523       -5.460375      -1.855109       10.995097  5064.82100     3.717703 6115100300.0 7.145523e+10         1.322149  5565.544  4555.878    电子
  消费电子 2026-08-19 12381.133 12381.133 11761.294 11804.357   12603.745       -6.342464      -4.198346        7.908344 11618.89130     1.596243 2076535900.0 6.983695e+10         1.166613 12624.627 10496.888    电子
  其他电子 2026-08-19 21001.144 21032.786 19861.962 19956.571   21542.501       -7.361866      -3.729284        8.730802 19452.38455     2.591900  740975170.0 2.334716e+10         1.063233 21754.787 17160.273    电子
 电子化学品 2026-08-19 93500.376 94929.483 88484.898 89019.574   97093.763       -8.315868      -1.160929        8.133076 84691.51490     5.110381 1209883800.0 6.111002e+10         1.121961 98536.954 72014.264    电子
    银行 2026-08-19  1324.405  1340.484  1324.405  1339.504    1320.218        1.460819       1.536421        1.760423  1334.25575     0.393347 4684555900.0 3.828665e+10         1.550049  1383.380  1307.149    银行
    电池 2026-08-19 18231.720 18348.219 17636.368 17688.078   18471.230       -4.239848      -3.795540       10.496883 17596.63185     0.519680 1803142400.0 6.111500e+10         1.054845 18755.195 16007.210  电力设备
  光伏设备 2026-08-19  7496.812  7497.552  7183.202  7203.963    7587.085       -5.049660      -4.602048        9.147713  7137.76300     0.927461 1663867900.0 3.329329e+10         1.077859  7594.016  6590.210  电力设备
  风电设备 2026-08-19  4339.299  4339.299  4138.165  4152.060    4333.236       -4.181079      -5.768188        7.721960  4234.23045    -1.940623  860698680.0 1.699590e+10         1.692514  4441.577  3844.589  电力设备
  电网设备 2026-08-19  6517.424  6517.424  6273.618  6286.871    6584.566       -4.521103      -4.571262       11.151793  6319.04270    -0.509123 2695693600.0 3.845230e+10         0.938366  6667.926  5648.802  电力设备
其他电源设备 2026-08-19  6322.726  6322.726  6013.086  6028.322    6405.632       -5.890285      -3.756075        9.011800  5922.10695     1.793535  599034380.0 1.735911e+10         1.019825  6477.120  5333.321  电力设备
    电机 2026-08-19  3409.130  3409.130  3208.358  3212.847    3448.803       -6.841678      -5.928761        8.533035  3243.48805    -0.944694  357480250.0 7.057032e+09         1.245658  3450.681  2940.405  电力设备
  通信服务 2026-08-19  2729.097  2729.097  2611.685  2620.494    2777.430       -5.650403      -4.790601        7.431506  2627.11475    -0.252016 1504528500.0 2.066644e+10         0.938373  2835.983  2367.273    通信
  通信设备 2026-08-19  9323.214  9327.752  8823.886  8844.672    9542.160       -7.309540      -3.640309        8.351271  8601.96120     2.821575 2513927200.0 1.871755e+11         0.900032  9647.295  7456.378    通信
  化学制药 2026-08-19  6498.198  6570.999  6373.013  6395.559    6531.553       -2.082108      -1.081053        7.066975  6169.54265     3.663421 3998951700.0 5.468439e+10         1.006198  6672.018  5727.797  医药生物
    中药 2026-08-19  3205.682  3237.291  3164.209  3173.077    3221.497       -1.503028      -1.298854        4.522420  3136.15970     1.177150 1409335100.0 1.372870e+10         0.761161  3305.560  2929.026  医药生物
  生物制品 2026-08-19  6316.039  6337.606  6142.908  6167.537    6344.719       -2.792590      -2.024876        8.020853  5933.25840     3.948566  657122340.0 1.574094e+10         0.869864  6549.783  5430.655  医药生物
  医疗器械 2026-08-19 11099.422 11114.529 10758.421 10785.016   11171.528       -3.459795      -3.201091        8.716138 10656.16790     1.209141  876483870.0 2.114808e+10         0.887916 11380.422  9749.415  医药生物
  医疗服务 2026-08-19 21133.022 21221.700 20162.566 20234.539   21283.601       -4.928969      -3.000560       16.821030 18968.30065     6.675550 1639747100.0 3.990704e+10         0.868208 22066.371 16543.102  医药生物
  医药商业 2026-08-19  4818.772  4848.823  4697.732  4708.372    4859.480       -3.109551      -2.537449       10.113943  4576.97335     2.870863  699507860.0 6.363222e+09         0.739811  4972.918  4159.764  医药生物
    证券 2026-08-19  1435.995  1443.636  1415.354  1416.735    1439.969       -1.613507      -3.461653       -3.338416  1460.15470    -2.973637 2209016400.0 2.489842e+10         0.994708  1491.275  1415.354  非银金融
    保险 2026-08-19  1941.613  1949.860  1929.774  1944.128    1940.249        0.199923      -1.320463       -7.422476  2017.44220    -3.634017  205490900.0 7.425146e+09         1.161885  2121.266  1927.685  非银金融
  多元金融 2026-08-19  1065.418  1069.444  1042.405  1043.936    1066.062       -2.075489      -3.973214        3.031930  1061.51365    -1.655904  656313380.0 5.015410e+09         1.024750  1097.880   991.324  非银金融
   贵金属 2026-08-19  5454.832  5735.343  5454.832  5597.507    5657.379       -1.058299      -2.339436       17.786038  5225.15105     7.126224 1117162060.0 3.142591e+10         1.033050  6056.842  4553.800  有色金属
  工业金属 2026-08-19  4325.471  4345.796  4252.148  4264.127    4401.648       -3.124307      -3.029510        9.358994  4199.68485     1.534452 3023459300.0 3.561937e+10         0.994158  4522.873  3868.391  有色金属
  能源金属 2026-08-19 31758.458 31990.836 30913.862 30960.840   32248.555       -3.993094      -6.011586       13.361046 30879.27890     0.264129  310168740.0 1.300437e+10         0.834494 34411.570 27458.536  有色金属
   小金属 2026-08-19  9220.243  9308.726  8950.721  8985.305    9442.101       -4.837864      -3.516311       12.091611  8675.74400     3.568120 1010236720.0 4.488212e+10         0.993976  9644.315  7663.168  有色金属
 金属新材料 2026-08-19 14356.392 14363.521 13612.562 13623.520   14438.525       -5.644656      -3.048059        9.132066 13407.92315     1.607981  444511630.0 1.156063e+10         1.247342 14473.437 12206.823  有色金属

summary
group  constituent_count  equal_weight_day_return_pct  equal_weight_return_5d_pct  equal_weight_return_20d_pct  equal_weight_vs_ma20_pct  total_amount_yuan  avg_volume_ratio_5d  positive_subsectors  negative_subsectors
   电子                  6                    -7.101344                   -2.922957                     8.052689                  3.560032       7.559660e+11             1.146479                    0                    6
   银行                  1                     1.460819                    1.536421                     1.760423                  0.393347       3.828665e+10             1.550049                    1                    0
 电力设备                  6                    -5.120609                   -4.736979                     9.343864                 -0.025627       1.742726e+11             1.171511                    0                    6
   通信                  2                    -6.479972                   -4.215455                     7.891388                  1.284780       2.078419e+11             0.919202                    0                    2
 医药生物                  6                    -2.979340                   -2.190647                     9.210226                  3.257449       1.515724e+11             0.855526                    0                    6
 非银金融                  3                    -1.163024                   -2.918443                    -2.576321                 -2.754520       3.733897e+10             1.060448                    1                    2
 有色金属                  5                    -3.731644                   -3.588980                    12.345951                  2.820181       1.364924e+11             1.020604                    0                    5
